metric                    | best_epoch | best_val_loss | test_precision | test_recall | test_f1 | test_macro_f1 | test_weighted_f1 | test_map_50 | test_map_50_95 | runtime_sec | trainable_backbone_layers
--------------------------+------------+---------------+----------------+-------------+---------+---------------+------------------+-------------+----------------+-------------+--------------------------
               best_epoch |      1.000 |         0.576 |         -0.619 |      -0.553 |  -0.600 |        -0.513 |           -0.620 |      -0.559 |         -0.551 |       0.303 |                    -0.510
            best_val_loss |      0.576 |         1.000 |         -0.872 |      -0.939 |  -0.907 |        -0.952 |           -0.906 |      -0.980 |         -0.989 |      -0.585 |                    -0.194
           test_precision |     -0.619 |        -0.872 |          1.000 |       0.957 |   0.993 |         0.916 |            0.993 |       0.907 |          0.918 |       0.427 |                     0.551
              test_recall |     -0.553 |        -0.939 |          0.957 |       1.000 |   0.984 |         0.962 |            0.983 |       0.969 |          0.970 |       0.544 |                     0.419
                  test_f1 |     -0.600 |        -0.907 |          0.993 |       0.984 |   1.000 |         0.943 |            0.999 |       0.941 |          0.947 |       0.477 |                     0.505
            test_macro_f1 |     -0.513 |        -0.952 |          0.916 |       0.962 |   0.943 |         1.000 |            0.942 |       0.991 |          0.976 |       0.632 |                     0.395
         test_weighted_f1 |     -0.620 |        -0.906 |          0.993 |       0.983 |   0.999 |         0.942 |            1.000 |       0.940 |          0.947 |       0.459 |                     0.522
              test_map_50 |     -0.559 |        -0.980 |          0.907 |       0.969 |   0.941 |         0.991 |            0.940 |       1.000 |          0.990 |       0.601 |                     0.339
           test_map_50_95 |     -0.551 |        -0.989 |          0.918 |       0.970 |   0.947 |         0.976 |            0.947 |       0.990 |          1.000 |       0.612 |                     0.293
              runtime_sec |      0.303 |        -0.585 |          0.427 |       0.544 |   0.477 |         0.632 |            0.459 |       0.601 |          0.612 |       1.000 |                    -0.155
trainable_backbone_layers |     -0.510 |        -0.194 |          0.551 |       0.419 |   0.505 |         0.395 |            0.522 |       0.339 |          0.293 |      -0.155 |                     1.000
