metric                    | best_epoch | best_val_loss | test_precision | test_recall | test_f1 | test_macro_f1 | test_weighted_f1 | test_map_50 | test_map_50_95 | runtime_sec | trainable_backbone_layers
--------------------------+------------+---------------+----------------+-------------+---------+---------------+------------------+-------------+----------------+-------------+--------------------------
               best_epoch |      1.000 |        -0.873 |          0.717 |       0.863 |   0.819 |         0.814 |            0.818 |       0.845 |          0.876 |       0.960 |                    -0.188
            best_val_loss |     -0.873 |         1.000 |         -0.718 |      -0.885 |  -0.833 |        -0.825 |           -0.835 |      -0.870 |         -0.928 |      -0.945 |                    -0.037
           test_precision |      0.717 |        -0.718 |          1.000 |       0.910 |   0.967 |         0.968 |            0.963 |       0.938 |          0.907 |       0.767 |                     0.422
              test_recall |      0.863 |        -0.885 |          0.910 |       1.000 |   0.986 |         0.984 |            0.987 |       0.996 |          0.991 |       0.908 |                     0.252
                  test_f1 |      0.819 |        -0.833 |          0.967 |       0.986 |   1.000 |         1.000 |            1.000 |       0.995 |          0.978 |       0.867 |                     0.334
            test_macro_f1 |      0.814 |        -0.825 |          0.968 |       0.984 |   1.000 |         1.000 |            1.000 |       0.994 |          0.975 |       0.862 |                     0.340
         test_weighted_f1 |      0.818 |        -0.835 |          0.963 |       0.987 |   1.000 |         1.000 |            1.000 |       0.995 |          0.979 |       0.868 |                     0.334
              test_map_50 |      0.845 |        -0.870 |          0.938 |       0.996 |   0.995 |         0.994 |            0.995 |       1.000 |          0.988 |       0.892 |                     0.296
           test_map_50_95 |      0.876 |        -0.928 |          0.907 |       0.991 |   0.978 |         0.975 |            0.979 |       0.988 |          1.000 |       0.933 |                     0.229
              runtime_sec |      0.960 |        -0.945 |          0.767 |       0.908 |   0.867 |         0.862 |            0.868 |       0.892 |          0.933 |       1.000 |                     0.013
trainable_backbone_layers |     -0.188 |        -0.037 |          0.422 |       0.252 |   0.334 |         0.340 |            0.334 |       0.296 |          0.229 |       0.013 |                     1.000
